10% candidates of total are: 13
 ________________________
|QuestionID     |    8   |
|_______________|________|
|Answer         |    B   |
|Correct        |    5   |
|Wrong          |    8   |
|_______________|________|
|C              |    7   |
|B              |    5   |
|D              |    1   |
|_______________|________|
 ________________________
|QuestionID     |   15   |
|_______________|________|
|Answer         |    D   |
|Correct        |    2   |
|Wrong          |   11   |
|_______________|________|
|A              |    6   |
|C              |    3   |
|B              |    2   |
|D              |    2   |
|_______________|________|
 ________________________
|QuestionID     |   19   |
|_______________|________|
|Answer         |    D   |
|Correct        |    4   |
|Wrong          |    9   |
|_______________|________|
|C              |    8   |
|D              |    4   |
|A              |    1   |
|_______________|________|

ID, isMTA, isMTN, Answer, attempt, unattempt, correct, wrong, DifficultyLevel
------------------------------------------------------------------------------
1, false, false, A, 134, 0, 94, 40, DL2
2, false, false, D, 134, 0, 44, 90, DL4
3, false, false, A, 134, 0, 49, 85, DL4
4, false, false, C, 134, 0, 72, 62, DL3
5, false, false, A, 133, 1, 49, 84, DL4
6, false, false, C, 134, 0, 37, 97, DL4
7, false, false, C, 133, 1, 50, 83, DL4
8, false, false, B, 134, 0, 25, 109, DL5
9, false, false, B, 133, 1, 71, 62, DL3
10, false, false, C, 132, 2, 55, 77, DL3
11, false, false, A, 134, 0, 123, 11, DL1
12, false, false, C, 134, 0, 80, 54, DL3
13, false, false, C, 134, 0, 74, 60, DL3
14, false, false, A, 134, 0, 31, 103, DL4
15, false, false, D, 132, 2, 33, 99, DL4
16, false, false, A, 132, 2, 34, 98, DL4
17, false, false, A, 134, 0, 98, 36, DL2
18, false, false, D, 134, 0, 27, 107, DL4
19, false, false, D, 134, 0, 76, 58, DL3
20, false, false, B, 134, 0, 29, 105, DL4
21, false, false, B, 134, 0, 44, 90, DL4
22, false, false, A, 133, 1, 68, 65, DL3
23, false, false, B, 132, 2, 84, 48, DL2
------------------------------------------------------------------------------
DL1(1), DL2(3), DL3(7), DL4(11), DL5(1)
------------------------------------------------------------------------------

StudentId, TotalMartks, ScaleMarks, Rank
----------------------------------------
11180240320101, 19.0, 16.52, 1
11180240320100, 17.0, 14.78, 2
11180240320049, 17.0, 14.78, 2
11180240320010, 16.0, 13.91, 4
11180240320022, 16.0, 13.91, 4
11180240320006, 16.0, 13.91, 4
11180240320080, 15.0, 13.04, 7
11180240320103, 15.0, 13.04, 7
11180240320114, 15.0, 13.04, 7
11180240320063, 15.0, 13.04, 7
11180240320026, 15.0, 13.04, 7
11180240320028, 15.0, 13.04, 7
11180240320030, 15.0, 13.04, 7
11180240320092, 14.0, 12.17, 14
11180240320132, 14.0, 12.17, 14
11180240320081, 14.0, 12.17, 14
11180240320077, 14.0, 12.17, 14
11180240320136, 14.0, 12.17, 14
11180240320051, 14.0, 12.17, 14
11180240320088, 13.0, 11.3, 20
11180240320107, 13.0, 11.3, 20
11180240320084, 13.0, 11.3, 20
11180240320085, 13.0, 11.3, 20
11180240320131, 13.0, 11.3, 20
11180240320098, 13.0, 11.3, 20
11180240320129, 13.0, 11.3, 20
11180240320027, 13.0, 11.3, 20
11180240320023, 13.0, 11.3, 20
11180240320015, 13.0, 11.3, 20
11180240320055, 13.0, 11.3, 20
11180240320017, 13.0, 11.3, 20
11180240320082, 12.0, 10.43, 32
11180240320113, 12.0, 10.43, 32
11180240320093, 12.0, 10.43, 32
11180240320076, 12.0, 10.43, 32
11180240320127, 12.0, 10.43, 32
11180240320053, 12.0, 10.43, 32
11180240320064, 12.0, 10.43, 32
11180240320043, 12.0, 10.43, 32
11180240320013, 12.0, 10.43, 32
11180240320057, 12.0, 10.43, 32
11180240320007, 12.0, 10.43, 32
11180240320008, 12.0, 10.43, 32
11180240320046, 12.0, 10.43, 32
11180240320054, 12.0, 10.43, 32
11180240320134, 11.0, 9.57, 46
11180240320069, 11.0, 9.57, 46
11180240320089, 11.0, 9.57, 46
11180240320125, 11.0, 9.57, 46
11180240320109, 11.0, 9.57, 46
11180240320126, 11.0, 9.57, 46
11180240320037, 11.0, 9.57, 46
11180240320060, 11.0, 9.57, 46
11180240320059, 11.0, 9.57, 46
11180240320001, 11.0, 9.57, 46
11180240320128, 10.0, 8.7, 56
11180240320133, 10.0, 8.7, 56
11180240320123, 10.0, 8.7, 56
11180240320106, 10.0, 8.7, 56
11180240320073, 10.0, 8.7, 56
11180240320119, 10.0, 8.7, 56
11180240320005, 10.0, 8.7, 56
11180240320068, 10.0, 8.7, 56
11180240320021, 10.0, 8.7, 56
11180240320050, 10.0, 8.7, 56
11180240320042, 10.0, 8.7, 56
11180240320038, 10.0, 8.7, 56
11180240320012, 10.0, 8.7, 56
11180240320014, 10.0, 8.7, 56
11180240320032, 10.0, 8.7, 56
11180240320044, 10.0, 8.7, 56
11180240320074, 9.0, 7.83, 72
11180240320122, 9.0, 7.83, 72
11180240320070, 9.0, 7.83, 72
11180240320115, 9.0, 7.83, 72
11180240320086, 9.0, 7.83, 72
11180240320111, 9.0, 7.83, 72
11180240320135, 9.0, 7.83, 72
11180240320117, 9.0, 7.83, 72
11180240320120, 9.0, 7.83, 72
11180240320025, 9.0, 7.83, 72
11180240320058, 9.0, 7.83, 72
11180240320047, 9.0, 7.83, 72
11180240320065, 9.0, 7.83, 72
11180240320045, 9.0, 7.83, 72
11180240320011, 9.0, 7.83, 72
11180240320040, 9.0, 7.83, 72
11180240320061, 9.0, 7.83, 72
11180240320067, 9.0, 7.83, 72
11180240320066, 9.0, 7.83, 72
11180240320052, 9.0, 7.83, 72
11180240320095, 8.0, 6.96, 92
11180240320110, 8.0, 6.96, 92
11180240320072, 8.0, 6.96, 92
11180240320097, 8.0, 6.96, 92
11180240320091, 8.0, 6.96, 92
11180240320083, 8.0, 6.96, 92
11180240320112, 8.0, 6.96, 92
11180240320099, 8.0, 6.96, 92
11180240320016, 8.0, 6.96, 92
11180240320003, 8.0, 6.96, 92
11180240320002, 8.0, 6.96, 92
11180240320020, 8.0, 6.96, 92
11180240320009, 8.0, 6.96, 92
11180240320024, 8.0, 6.96, 92
11180240320004, 8.0, 6.96, 92
11180240320079, 7.0, 6.09, 107
11180240320075, 7.0, 6.09, 107
11180240320071, 7.0, 6.09, 107
11180240320121, 7.0, 6.09, 107
11180240320105, 7.0, 6.09, 107
11180240320087, 7.0, 6.09, 107
11180240320039, 7.0, 6.09, 107
11180240320018, 7.0, 6.09, 107
11180240320033, 7.0, 6.09, 107
11180240320035, 7.0, 6.09, 107
11180240320056, 7.0, 6.09, 107
11180240320062, 7.0, 6.09, 107
11180240320078, 6.0, 5.22, 119
11180240320102, 6.0, 5.22, 119
11180240320094, 6.0, 5.22, 119
11180240320034, 6.0, 5.22, 119
11180240320019, 6.0, 5.22, 119
11180240320108, 5.0, 4.35, 124
11180240320118, 5.0, 4.35, 124
11180240320116, 5.0, 4.35, 124
11180240320124, 5.0, 4.35, 124
11180240320029, 5.0, 4.35, 124
11180240320041, 5.0, 4.35, 124
11180240320036, 5.0, 4.35, 124
11180240320130, 4.0, 3.48, 131
11180240320090, 4.0, 3.48, 131
11180240320104, 3.0, 2.61, 133
11180240320031, 3.0, 2.61, 133
